# Chunk-averaged data for fix myden and group file
# Timestep Number-of-chunks Total-count
# Chunk Coord1 Ncount density/number
500000 588 32000
  1 -4.775 28.8652 0.360815
  2 -4.725 28.7748 0.359685
  3 -4.675 28.7738 0.359673
  4 -4.625 28.9498 0.361872
  5 -4.575 28.897 0.361212
  6 -4.525 28.9844 0.362305
  7 -4.475 28.777 0.359712
  8 -4.425 28.9274 0.361593
  9 -4.375 28.813 0.360162
  10 -4.325 28.8738 0.360922
  11 -4.275 28.9846 0.362308
  12 -4.225 29.1432 0.36429
  13 -4.175 29.0592 0.36324
  14 -4.125 29.097 0.363712
  15 -4.075 29.2048 0.36506
  16 -4.025 29.292 0.36615
  17 -3.975 29.3504 0.36688
  18 -3.925 29.4554 0.368193
  19 -3.875 29.6742 0.370928
  20 -3.825 29.7302 0.371627
  21 -3.775 29.8564 0.373205
  22 -3.725 29.99 0.374875
  23 -3.675 30.0568 0.37571
  24 -3.625 30.1796 0.377245
  25 -3.575 30.4938 0.381172
  26 -3.525 30.7134 0.383918
  27 -3.475 30.7306 0.384132
  28 -3.425 30.9848 0.38731
  29 -3.375 31.2776 0.39097
  30 -3.325 31.5482 0.394352
  31 -3.275 31.7792 0.39724
  32 -3.225 32.0714 0.400893
  33 -3.175 32.3236 0.404045
  34 -3.125 32.5218 0.406523
  35 -3.075 32.8658 0.410823
  36 -3.025 33.1874 0.414843
  37 -2.975 33.5484 0.419355
  38 -2.925 33.9992 0.42499
  39 -2.875 34.3782 0.429727
  40 -2.825 34.7532 0.434415
  41 -2.775 35.1904 0.43988
  42 -2.725 35.4526 0.443157
  43 -2.675 36.1608 0.45201
  44 -2.625 36.5274 0.456593
  45 -2.575 36.8924 0.461155
  46 -2.525 37.2232 0.46529
  47 -2.475 37.672 0.4709
  48 -2.425 38.0068 0.475085
  49 -2.375 38.5792 0.48224
  50 -2.325 38.9332 0.486665
  51 -2.275 39.4008 0.49251
  52 -2.225 39.8294 0.497868
  53 -2.175 40.2152 0.50269
  54 -2.125 40.665 0.508312
  55 -2.075 40.9452 0.511815
  56 -2.025 41.348 0.51685
  57 -1.975 41.7716 0.522145
  58 -1.925 42.326 0.529075
  59 -1.875 42.6228 0.532785
  60 -1.825 42.8002 0.535002
  61 -1.775 43.0826 0.538532
  62 -1.725 43.2082 0.540102
  63 -1.675 43.843 0.548037
  64 -1.625 44.1008 0.55126
  65 -1.575 44.3526 0.554407
  66 -1.525 44.7404 0.559255
  67 -1.475 44.781 0.559763
  68 -1.425 45.086 0.563575
  69 -1.375 45.4542 0.568178
  70 -1.325 45.4956 0.568695
  71 -1.275 45.972 0.57465
  72 -1.225 46.1356 0.576695
  73 -1.175 46.4124 0.580155
  74 -1.125 46.4878 0.581098
  75 -1.075 46.8132 0.585165
  76 -1.025 46.9428 0.586785
  77 -0.975 47.1028 0.588785
  78 -0.925 47.321 0.591512
  79 -0.875 47.5686 0.594607
  80 -0.825 47.6948 0.596185
  81 -0.775 47.8542 0.598177
  82 -0.725 48.061 0.600762
  83 -0.675 48.2106 0.602633
  84 -0.625 48.4652 0.605815
  85 -0.575 48.5956 0.607445
  86 -0.525 48.5512 0.60689
  87 -0.475 48.8684 0.610855
  88 -0.425 48.965 0.612062
  89 -0.375 49.077 0.613463
  90 -0.325 49.2854 0.616067
  91 -0.275 49.506 0.618825
  92 -0.225 49.9884 0.624855
  93 -0.175 49.9184 0.62398
  94 -0.125 49.9998 0.624997
  95 -0.075 50.003 0.625038
  96 -0.025 50.2294 0.627868
  97 0.025 50.4456 0.63057
  98 0.075 50.5082 0.631352
  99 0.125 50.7426 0.634282
  100 0.175 51.0366 0.637957
  101 0.225 51.1362 0.639203
  102 0.275 51.3122 0.641402
  103 0.325 51.4754 0.643443
  104 0.375 51.6512 0.64564
  105 0.425 51.52 0.644
  106 0.475 51.8272 0.64784
  107 0.525 51.794 0.647425
  108 0.575 52.1064 0.65133
  109 0.625 52.2984 0.65373
  110 0.675 52.228 0.65285
  111 0.725 52.613 0.657663
  112 0.775 52.6904 0.65863
  113 0.825 52.9254 0.661567
  114 0.875 53.3348 0.666685
  115 0.925 53.207 0.665088
  116 0.975 53.4578 0.668223
  117 1.025 53.5506 0.669382
  118 1.075 53.8472 0.67309
  119 1.125 53.9962 0.674952
  120 1.175 54.08 0.676
  121 1.225 54.4314 0.680393
  122 1.275 54.5458 0.681822
  123 1.325 54.7872 0.68484
  124 1.375 54.8992 0.68624
  125 1.425 55.0654 0.688318
  126 1.475 55.3088 0.69136
  127 1.525 55.6636 0.695795
  128 1.575 55.5416 0.69427
  129 1.625 55.989 0.699863
  130 1.675 55.8842 0.698552
  131 1.725 56.2988 0.703735
  132 1.775 56.4208 0.70526
  133 1.825 56.7098 0.708873
  134 1.875 57 0.7125
  135 1.925 57.0558 0.713198
  136 1.975 57.1522 0.714402
  137 2.025 57.4146 0.717683
  138 2.075 57.6084 0.720105
  139 2.125 57.8704 0.72338
  140 2.175 57.9834 0.724793
  141 2.225 58.3714 0.729642
  142 2.275 58.7322 0.734152
  143 2.325 58.9876 0.737345
  144 2.375 59.259 0.740738
  145 2.425 59.4202 0.742752
  146 2.475 59.656 0.7457
  147 2.525 59.9656 0.74957
  148 2.575 60.175 0.752188
  149 2.625 60.3352 0.75419
  150 2.675 60.5648 0.75706
  151 2.725 60.7684 0.759605
  152 2.775 61.0794 0.763493
  153 2.825 61.319 0.766487
  154 2.875 61.2476 0.765595
  155 2.925 61.6166 0.770207
  156 2.975 61.5444 0.769305
  157 3.025 62.0288 0.77536
  158 3.075 62.1912 0.77739
  159 3.125 62.3778 0.779722
  160 3.175 62.6068 0.782585
  161 3.225 62.9422 0.786778
  162 3.275 63.1106 0.788882
  163 3.325 63.1122 0.788902
  164 3.375 63.4772 0.793465
  165 3.425 63.4888 0.79361
  166 3.475 63.7246 0.796558
  167 3.525 63.7434 0.796793
  168 3.575 63.8742 0.798427
  169 3.625 64.2058 0.802573
  170 3.675 64.0896 0.80112
  171 3.725 64.2148 0.802685
  172 3.775 64.2266 0.802832
  173 3.825 64.2996 0.803745
  174 3.875 64.3196 0.803995
  175 3.925 64.5264 0.80658
  176 3.975 64.7488 0.80936
  177 4.025 64.8126 0.810157
  178 4.075 64.8634 0.810793
  179 4.125 65.0748 0.813435
  180 4.175 65.2638 0.815798
  181 4.225 65.3076 0.816345
  182 4.275 65.4408 0.81801
  183 4.325 65.3428 0.816785
  184 4.375 65.5154 0.818943
  185 4.425 65.345 0.816813
  186 4.475 65.5362 0.819202
  187 4.525 65.4976 0.81872
  188 4.575 65.4766 0.818457
  189 4.625 65.6042 0.820052
  190 4.675 65.5072 0.81884
  191 4.725 65.5896 0.81987
  192 4.775 65.725 0.821562
  193 4.825 65.5906 0.819883
  194 4.875 65.4846 0.818557
  195 4.925 65.63 0.820375
  196 4.975 65.7214 0.821517
  197 5.025 65.9408 0.82426
  198 5.075 65.7002 0.821252
  199 5.125 65.8422 0.823027
  200 5.175 65.8156 0.822695
  201 5.225 66.03 0.825375
  202 5.275 65.8332 0.822915
  203 5.325 65.8388 0.822985
  204 5.375 65.8494 0.823117
  205 5.425 66.0592 0.82574
  206 5.475 65.9986 0.824983
  207 5.525 66.0312 0.82539
  208 5.575 65.7762 0.822202
  209 5.625 66.106 0.826325
  210 5.675 65.653 0.820662
  211 5.725 65.9638 0.824547
  212 5.775 66.1126 0.826408
  213 5.825 65.8956 0.823695
  214 5.875 65.9966 0.824958
  215 5.925 65.9532 0.824415
  216 5.975 65.9334 0.824167
  217 6.025 65.7936 0.82242
  218 6.075 66.0366 0.825458
  219 6.125 66.1604 0.827005
  220 6.175 66.2156 0.827695
  221 6.225 66.0664 0.82583
  222 6.275 65.9038 0.823798
  223 6.325 66.1284 0.826605
  224 6.375 65.9696 0.82462
  225 6.425 65.8592 0.82324
  226 6.475 65.6202 0.820252
  227 6.525 65.828 0.82285
  228 6.575 65.9524 0.824405
  229 6.625 65.9946 0.824933
  230 6.675 65.9328 0.82416
  231 6.725 66.1248 0.82656
  232 6.775 66.0852 0.826065
  233 6.825 66.026 0.825325
  234 6.875 65.999 0.824987
  235 6.925 65.9878 0.824848
  236 6.975 65.958 0.824475
  237 7.025 65.941 0.824263
  238 7.075 65.9938 0.824923
  239 7.125 65.7916 0.822395
  240 7.175 65.8904 0.82363
  241 7.225 65.7008 0.82126
  242 7.275 65.8148 0.822685
  243 7.325 65.945 0.824313
  244 7.375 65.8704 0.82338
  245 7.425 65.9958 0.824948
  246 7.475 65.8224 0.82278
  247 7.525 66.0006 0.825008
  248 7.575 65.7714 0.822142
  249 7.625 65.8974 0.823717
  250 7.675 66.1298 0.826623
  251 7.725 65.904 0.8238
  252 7.775 66.0618 0.825773
  253 7.825 65.8546 0.823183
  254 7.875 66.022 0.825275
  255 7.925 66.1754 0.827192
  256 7.975 65.9056 0.82382
  257 8.025 65.9318 0.824148
  258 8.075 65.7866 0.822333
  259 8.125 65.8256 0.82282
  260 8.175 66.0334 0.825417
  261 8.225 66.0126 0.825158
  262 8.275 65.9568 0.82446
  263 8.325 65.8016 0.82252
  264 8.375 66.0204 0.825255
  265 8.425 66.0584 0.82573
  266 8.475 65.7954 0.822442
  267 8.525 65.9532 0.824415
  268 8.575 66.0276 0.825345
  269 8.625 66.1966 0.827458
  270 8.675 66.1348 0.826685
  271 8.725 66.0884 0.826105
  272 8.775 65.9704 0.82463
  273 8.825 65.9674 0.824592
  274 8.875 66.0132 0.825165
  275 8.925 65.9134 0.823917
  276 8.975 65.8368 0.82296
  277 9.025 65.9908 0.824885
  278 9.075 66.1298 0.826623
  279 9.125 66.178 0.827225
  280 9.175 66.1222 0.826527
  281 9.225 66.0924 0.826155
  282 9.275 65.8628 0.823285
  283 9.325 66.0766 0.825958
  284 9.375 66.057 0.825712
  285 9.425 66.0136 0.82517
  286 9.475 66.1434 0.826792
  287 9.525 65.8868 0.823585
  288 9.575 66.0052 0.825065
  289 9.625 65.8866 0.823583
  290 9.675 65.824 0.8228
  291 9.725 65.7902 0.822377
  292 9.775 65.8656 0.82332
  293 9.825 65.9646 0.824558
  294 9.875 65.8304 0.82288
  295 9.925 65.8304 0.82288
  296 9.975 65.9762 0.824703
  297 10.025 66.3008 0.82876
  298 10.075 66.166 0.827075
  299 10.125 66.1362 0.826703
  300 10.175 66.2756 0.828445
  301 10.225 66.266 0.828325
  302 10.275 65.9112 0.82389
  303 10.325 66.1116 0.826395
  304 10.375 66.1086 0.826358
  305 10.425 66.1048 0.82631
  306 10.475 65.9722 0.824653
  307 10.525 65.6866 0.821083
  308 10.575 66.0428 0.825535
  309 10.625 65.9572 0.824465
  310 10.675 65.9112 0.82389
  311 10.725 65.8536 0.82317
  312 10.775 65.8606 0.823258
  313 10.825 66.0238 0.825298
  314 10.875 65.986 0.824825
  315 10.925 66.0426 0.825533
  316 10.975 66.097 0.826213
  317 11.025 66.1456 0.82682
  318 11.075 65.8814 0.823517
  319 11.125 65.8976 0.82372
  320 11.175 65.9644 0.824555
  321 11.225 65.9626 0.824533
  322 11.275 66.1044 0.826305
  323 11.325 66.0268 0.825335
  324 11.375 65.9206 0.824008
  325 11.425 65.9266 0.824083
  326 11.475 65.8488 0.82311
  327 11.525 66.0428 0.825535
  328 11.575 65.991 0.824887
  329 11.625 65.888 0.8236
  330 11.675 65.99 0.824875
  331 11.725 65.9238 0.824048
  332 11.775 66.1174 0.826467
  333 11.825 66.2668 0.828335
  334 11.875 65.9644 0.824555
  335 11.925 66.112 0.8264
  336 11.975 65.9496 0.82437
  337 12.025 66.1152 0.82644
  338 12.075 66.1156 0.826445
  339 12.125 65.839 0.822987
  340 12.175 65.9866 0.824833
  341 12.225 65.9426 0.824283
  342 12.275 65.9816 0.82477
  343 12.325 66.1526 0.826908
  344 12.375 65.7846 0.822308
  345 12.425 65.7568 0.82196
  346 12.475 65.7994 0.822492
  347 12.525 65.8824 0.82353
  348 12.575 65.9548 0.824435
  349 12.625 65.9146 0.823933
  350 12.675 65.899 0.823738
  351 12.725 66.2366 0.827958
  352 12.775 66.2606 0.828258
  353 12.825 66.193 0.827412
  354 12.875 66.151 0.826887
  355 12.925 66.3398 0.829248
  356 12.975 66.2094 0.827617
  357 13.025 66.005 0.825063
  358 13.075 66.096 0.8262
  359 13.125 65.828 0.82285
  360 13.175 66.1852 0.827315
  361 13.225 65.8338 0.822923
  362 13.275 66.1526 0.826908
  363 13.325 65.6958 0.821198
  364 13.375 65.8558 0.823198
  365 13.425 65.986 0.824825
  366 13.475 65.8446 0.823058
  367 13.525 65.9978 0.824972
  368 13.575 66.037 0.825462
  369 13.625 66.0858 0.826072
  370 13.675 66.0602 0.825753
  371 13.725 66.1546 0.826933
  372 13.775 65.9044 0.823805
  373 13.825 66.0484 0.825605
  374 13.875 65.873 0.823412
  375 13.925 65.8716 0.823395
  376 13.975 65.9746 0.824683
  377 14.025 65.7726 0.822158
  378 14.075 65.9218 0.824022
  379 14.125 65.887 0.823588
  380 14.175 65.8266 0.822833
  381 14.225 65.898 0.823725
  382 14.275 66.0824 0.82603
  383 14.325 65.791 0.822388
  384 14.375 66.1376 0.82672
  385 14.425 65.913 0.823913
  386 14.475 65.974 0.824675
  387 14.525 66.1016 0.82627
  388 14.575 66.0014 0.825017
  389 14.625 65.7718 0.822148
  390 14.675 65.801 0.822512
  391 14.725 65.8152 0.82269
  392 14.775 66.1324 0.826655
  393 14.825 65.8806 0.823508
  394 14.875 65.798 0.822475
  395 14.925 65.8262 0.822827
  396 14.975 65.6444 0.820555
  397 15.025 65.7236 0.821545
  398 15.075 65.869 0.823362
  399 15.125 65.548 0.81935
  400 15.175 65.5688 0.81961
  401 15.225 65.699 0.821237
  402 15.275 65.6482 0.820603
  403 15.325 65.4404 0.818005
  404 15.375 65.5854 0.819817
  405 15.425 65.7202 0.821502
  406 15.475 65.578 0.819725
  407 15.525 65.3884 0.817355
  408 15.575 65.5468 0.819335
  409 15.625 65.3526 0.816908
  410 15.675 65.1764 0.814705
  411 15.725 65.3108 0.816385
  412 15.775 65.2292 0.815365
  413 15.825 65.2242 0.815302
  414 15.875 64.844 0.81055
  415 15.925 65.0598 0.813248
  416 15.975 64.875 0.810937
  417 16.025 64.7208 0.80901
  418 16.075 64.85 0.810625
  419 16.125 64.6452 0.808065
  420 16.175 64.5502 0.806877
  421 16.225 64.1036 0.801295
  422 16.275 64.2714 0.803393
  423 16.325 64.1902 0.802377
  424 16.375 63.8534 0.798168
  425 16.425 63.8624 0.79828
  426 16.475 63.79 0.797375
  427 16.525 63.7438 0.796798
  428 16.575 63.4314 0.792893
  429 16.625 63.3204 0.791505
  430 16.675 63.097 0.788713
  431 16.725 63.0728 0.78841
  432 16.775 62.76 0.7845
  433 16.825 62.6048 0.78256
  434 16.875 62.1764 0.777205
  435 16.925 62.0614 0.775768
  436 16.975 62.1252 0.776565
  437 17.025 61.9232 0.77404
  438 17.075 61.61 0.770125
  439 17.125 61.2842 0.766052
  440 17.175 61.2978 0.766223
  441 17.225 60.8022 0.760027
  442 17.275 60.8914 0.761143
  443 17.325 60.4594 0.755742
  444 17.375 60.347 0.754337
  445 17.425 59.8952 0.74869
  446 17.475 60.0026 0.750032
  447 17.525 59.8158 0.747698
  448 17.575 59.4926 0.743657
  449 17.625 59.4026 0.742532
  450 17.675 58.9126 0.736407
  451 17.725 58.9132 0.736415
  452 17.775 58.676 0.73345
  453 17.825 58.614 0.732675
  454 17.875 58.0862 0.726077
  455 17.925 57.8586 0.723232
  456 17.975 57.7178 0.721473
  457 18.025 57.3088 0.71636
  458 18.075 56.9418 0.711773
  459 18.125 56.9654 0.712067
  460 18.175 56.806 0.710075
  461 18.225 56.5642 0.707052
  462 18.275 56.3822 0.704777
  463 18.325 56.178 0.702225
  464 18.375 55.8522 0.698152
  465 18.425 55.7712 0.69714
  466 18.475 55.6042 0.695052
  467 18.525 55.2284 0.690355
  468 18.575 55.1156 0.688945
  469 18.625 54.8876 0.686095
  470 18.675 54.636 0.68295
  471 18.725 54.4372 0.680465
  472 18.775 54.1842 0.677302
  473 18.825 53.9656 0.67457
  474 18.875 53.659 0.670737
  475 18.925 53.5408 0.66926
  476 18.975 53.3604 0.667005
  477 19.025 53.2974 0.666218
  478 19.075 52.8544 0.66068
  479 19.125 52.7222 0.659027
  480 19.175 52.5008 0.65626
  481 19.225 52.283 0.653537
  482 19.275 52.3156 0.653945
  483 19.325 51.953 0.649412
  484 19.375 51.8732 0.648415
  485 19.425 51.5738 0.644672
  486 19.475 51.4612 0.643265
  487 19.525 51.0716 0.638395
  488 19.575 50.9082 0.636352
  489 19.625 50.8708 0.635885
  490 19.675 50.5718 0.632148
  491 19.725 50.4598 0.630748
  492 19.775 49.9416 0.62427
  493 19.825 49.8164 0.622705
  494 19.875 49.6292 0.620365
  495 19.925 49.358 0.616975
  496 19.975 49.1712 0.61464
  497 20.025 49.1866 0.614833
  498 20.075 48.8186 0.610232
  499 20.125 48.4864 0.60608
  500 20.175 48.4152 0.60519
  501 20.225 48.1794 0.602243
  502 20.275 47.9838 0.599797
  503 20.325 47.6342 0.595427
  504 20.375 47.4122 0.592652
  505 20.425 47.215 0.590187
  506 20.475 46.7518 0.584398
  507 20.525 46.6368 0.58296
  508 20.575 46.2216 0.57777
  509 20.625 45.7778 0.572223
  510 20.675 45.7378 0.571723
  511 20.725 45.031 0.562887
  512 20.775 44.7228 0.559035
  513 20.825 44.4154 0.555192
  514 20.875 44.0222 0.550277
  515 20.925 43.783 0.547288
  516 20.975 43.2946 0.541183
  517 21.025 42.878 0.535975
  518 21.075 42.6814 0.533517
  519 21.125 42.0872 0.52609
  520 21.175 41.6934 0.521168
  521 21.225 41.404 0.51755
  522 21.275 41.0688 0.51336
  523 21.325 40.4688 0.50586
  524 21.375 40.114 0.501425
  525 21.425 39.5218 0.494023
  526 21.475 39.2832 0.49104
  527 21.525 38.7344 0.48418
  528 21.575 38.2334 0.477917
  529 21.625 37.815 0.472687
  530 21.675 37.3428 0.466785
  531 21.725 36.8228 0.460285
  532 21.775 36.5386 0.456732
  533 21.825 36.0918 0.451148
  534 21.875 35.753 0.446912
  535 21.925 35.1676 0.439595
  536 21.975 34.7292 0.434115
  537 22.025 34.5692 0.432115
  538 22.075 34.293 0.428663
  539 22.125 33.9128 0.42391
  540 22.175 33.5146 0.418932
  541 22.225 33.1506 0.414382
  542 22.275 32.8738 0.410923
  543 22.325 32.67 0.408375
  544 22.375 32.4936 0.40617
  545 22.425 32.1726 0.402158
  546 22.475 31.8864 0.39858
  547 22.525 31.6162 0.395203
  548 22.575 31.3604 0.392005
  549 22.625 31.2258 0.390323
  550 22.675 30.9978 0.387472
  551 22.725 30.7026 0.383782
  552 22.775 30.5696 0.38212
  553 22.825 30.668 0.38335
  554 22.875 30.2946 0.378682
  555 22.925 30.2642 0.378302
  556 22.975 29.9438 0.374298
  557 23.025 29.9472 0.37434
  558 23.075 29.7774 0.372218
  559 23.125 29.7806 0.372257
  560 23.175 29.7802 0.372252
  561 23.225 29.541 0.369262
  562 23.275 29.496 0.3687
  563 23.325 29.4024 0.36753
  564 23.375 29.3712 0.36714
  565 23.425 29.3188 0.366485
  566 23.475 29.2388 0.365485
  567 23.525 29.1864 0.36483
  568 23.575 29.1818 0.364772
  569 23.625 29.1432 0.36429
  570 23.675 29.0384 0.36298
  571 23.725 29.0196 0.362745
  572 23.775 28.9232 0.36154
  573 23.825 28.914 0.361425
  574 23.875 28.9156 0.361445
  575 23.925 28.8678 0.360847
  576 23.975 28.9506 0.361882
  577 24.025 28.8172 0.360215
  578 24.075 28.8384 0.36048
  579 24.125 28.7582 0.359478
  580 24.175 28.783 0.359787
  581 24.225 28.707 0.358837
  582 24.275 28.651 0.358137
  583 24.325 28.8622 0.360778
  584 24.375 28.8728 0.36091
  585 24.425 28.8252 0.360315
  586 24.475 28.7142 0.358928
  587 24.525 28.8488 0.36061
  588 24.575 28.7994 0.359992
1000000 588 32000
  1 -4.775 40.6572 0.508215
  2 -4.725 40.4084 0.505105
  3 -4.675 40.5452 0.506815
  4 -4.625 40.4482 0.505602
  5 -4.575 40.4622 0.505777
  6 -4.525 40.5354 0.506692
  7 -4.475 40.3038 0.503798
  8 -4.425 40.293 0.503663
  9 -4.375 40.1814 0.502267
  10 -4.325 40.2774 0.503468
  11 -4.275 40.026 0.500325
  12 -4.225 40.1492 0.501865
  13 -4.175 40.1856 0.50232
  14 -4.125 40.234 0.502925
  15 -4.075 40.005 0.500062
  16 -4.025 40.0992 0.50124
  17 -3.975 40.0266 0.500332
  18 -3.925 40.0708 0.500885
  19 -3.875 40.0252 0.500315
  20 -3.825 39.9476 0.499345
  21 -3.775 39.8758 0.498448
  22 -3.725 39.9764 0.499705
  23 -3.675 40.0462 0.500578
  24 -3.625 39.9594 0.499493
  25 -3.575 39.8822 0.498527
  26 -3.525 39.9614 0.499518
  27 -3.475 39.8974 0.498718
  28 -3.425 39.9998 0.499998
  29 -3.375 39.8164 0.497705
  30 -3.325 39.618 0.495225
  31 -3.275 39.7456 0.49682
  32 -3.225 39.7408 0.49676
  33 -3.175 39.7612 0.497015
  34 -3.125 39.909 0.498862
  35 -3.075 39.8636 0.498295
  36 -3.025 39.7826 0.497282
  37 -2.975 39.772 0.49715
  38 -2.925 39.7372 0.496715
  39 -2.875 39.56 0.4945
  40 -2.825 39.6728 0.49591
  41 -2.775 39.7228 0.496535
  42 -2.725 39.7066 0.496332
  43 -2.675 39.7926 0.497408
  44 -2.625 39.636 0.49545
  45 -2.575 39.7316 0.496645
  46 -2.525 39.768 0.4971
  47 -2.475 39.8242 0.497802
  48 -2.425 39.705 0.496312
  49 -2.375 39.7492 0.496865
  50 -2.325 39.6868 0.496085
  51 -2.275 39.7454 0.496818
  52 -2.225 39.6522 0.495652
  53 -2.175 39.8174 0.497718
  54 -2.125 39.7492 0.496865
  55 -2.075 39.7952 0.49744
  56 -2.025 39.726 0.496575
  57 -1.975 39.6814 0.496018
  58 -1.925 39.789 0.497362
  59 -1.875 39.864 0.4983
  60 -1.825 39.8128 0.49766
  61 -1.775 39.8868 0.498585
  62 -1.725 39.8698 0.498373
  63 -1.675 39.7338 0.496673
  64 -1.625 39.9184 0.49898
  65 -1.575 40.1056 0.50132
  66 -1.525 39.9002 0.498752
  67 -1.475 39.9866 0.499832
  68 -1.425 39.8524 0.498155
  69 -1.375 40.1544 0.50193
  70 -1.325 40.003 0.500038
  71 -1.275 40.2146 0.502683
  72 -1.225 40.1964 0.502455
  73 -1.175 40.3622 0.504528
  74 -1.125 40.285 0.503563
  75 -1.075 40.29 0.503625
  76 -1.025 40.1506 0.501883
  77 -0.975 40.286 0.503575
  78 -0.925 40.2822 0.503528
  79 -0.875 40.3692 0.504615
  80 -0.825 40.4868 0.506085
  81 -0.775 40.7748 0.509685
  82 -0.725 40.591 0.507387
  83 -0.675 40.5354 0.506692
  84 -0.625 40.7672 0.50959
  85 -0.575 40.7338 0.509173
  86 -0.525 40.893 0.511162
  87 -0.475 40.7474 0.509343
  88 -0.425 40.8628 0.510785
  89 -0.375 40.9144 0.51143
  90 -0.325 40.8996 0.511245
  91 -0.275 41.0142 0.512678
  92 -0.225 41.1556 0.514445
  93 -0.175 41.2526 0.515657
  94 -0.125 41.0858 0.513572
  95 -0.075 41.2626 0.515783
  96 -0.025 41.1664 0.51458
  97 0.025 41.3002 0.516253
  98 0.075 41.2712 0.51589
  99 0.125 41.4806 0.518508
  100 0.175 41.4422 0.518027
  101 0.225 41.6088 0.52011
  102 0.275 41.5102 0.518877
  103 0.325 41.7294 0.521618
  104 0.375 41.798 0.522475
  105 0.425 41.9452 0.524315
  106 0.475 41.9868 0.524835
  107 0.525 41.9822 0.524778
  108 0.575 42.075 0.525937
  109 0.625 42.1174 0.526467
  110 0.675 42.1156 0.526445
  111 0.725 42.2154 0.527693
  112 0.775 42.3738 0.529672
  113 0.825 42.3952 0.52994
  114 0.875 42.4616 0.53077
  115 0.925 42.7268 0.534085
  116 0.975 42.7566 0.534458
  117 1.025 42.812 0.53515
  118 1.075 42.8844 0.536055
  119 1.125 42.9708 0.537135
  120 1.175 43.1034 0.538793
  121 1.225 43.172 0.53965
  122 1.275 43.3092 0.541365
  123 1.325 43.4034 0.542543
  124 1.375 43.3698 0.542123
  125 1.425 43.4634 0.543293
  126 1.475 43.6436 0.545545
  127 1.525 43.8866 0.548582
  128 1.575 43.8864 0.54858
  129 1.625 43.8202 0.547752
  130 1.675 44.1812 0.552265
  131 1.725 44.3004 0.553755
  132 1.775 44.3806 0.554758
  133 1.825 44.5548 0.556935
  134 1.875 44.7186 0.558982
  135 1.925 44.6786 0.558482
  136 1.975 44.8346 0.560433
  137 2.025 45.0152 0.56269
  138 2.075 45.1032 0.56379
  139 2.125 45.2118 0.565148
  140 2.175 45.4852 0.568565
  141 2.225 45.5296 0.56912
  142 2.275 45.6818 0.571022
  143 2.325 45.8468 0.573085
  144 2.375 45.9368 0.57421
  145 2.425 46.225 0.577812
  146 2.475 46.2842 0.578552
  147 2.525 46.463 0.580788
  148 2.575 46.6096 0.58262
  149 2.625 46.7816 0.58477
  150 2.675 46.9014 0.586268
  151 2.725 47.1362 0.589202
  152 2.775 47.1528 0.58941
  153 2.825 47.3362 0.591702
  154 2.875 47.574 0.594675
  155 2.925 48.0168 0.60021
  156 2.975 48.0282 0.600352
  157 3.025 48.1714 0.602143
  158 3.075 48.2974 0.603718
  159 3.125 48.4558 0.605697
  160 3.175 48.8104 0.61013
  161 3.225 48.9468 0.611835
  162 3.275 49.197 0.614962
  163 3.325 49.6378 0.620472
  164 3.375 49.6438 0.620548
  165 3.425 49.9912 0.62489
  166 3.475 50.0826 0.626032
  167 3.525 50.4988 0.631235
  168 3.575 50.6188 0.632735
  169 3.625 50.6828 0.633535
  170 3.675 50.9154 0.636443
  171 3.725 51.2202 0.640253
  172 3.775 51.4514 0.643143
  173 3.825 51.8222 0.647778
  174 3.875 52.0094 0.650118
  175 3.925 52.3312 0.65414
  176 3.975 52.4124 0.655155
  177 4.025 52.6876 0.658595
  178 4.075 53.085 0.663563
  179 4.125 53.3462 0.666828
  180 4.175 53.4996 0.668745
  181 4.225 53.8844 0.673555
  182 4.275 53.9676 0.674595
  183 4.325 54.2628 0.678285
  184 4.375 54.6188 0.682735
  185 4.425 55.0204 0.687755
  186 4.475 55.438 0.692975
  187 4.525 55.384 0.6923
  188 4.575 55.6814 0.696018
  189 4.625 55.9696 0.69962
  190 4.675 56.3422 0.704278
  191 4.725 56.6064 0.70758
  192 4.775 57.0358 0.712948
  193 4.825 57.2764 0.715955
  194 4.875 57.543 0.719287
  195 4.925 57.9088 0.72386
  196 4.975 58.0902 0.726127
  197 5.025 58.3392 0.72924
  198 5.075 58.4142 0.730177
  199 5.125 58.7018 0.733773
  200 5.175 59.1004 0.738755
  201 5.225 59.4212 0.742765
  202 5.275 59.4452 0.743065
  203 5.325 59.7996 0.747495
  204 5.375 60.0764 0.750955
  205 5.425 60.5074 0.756343
  206 5.475 60.6712 0.75839
  207 5.525 60.709 0.758862
  208 5.575 61.13 0.764125
  209 5.625 61.5958 0.769948
  210 5.675 61.7588 0.771985
  211 5.725 61.8658 0.773323
  212 5.775 62.0302 0.775377
  213 5.825 62.3632 0.77954
  214 5.875 62.371 0.779637
  215 5.925 62.649 0.783112
  216 5.975 62.8782 0.785977
  217 6.025 62.9086 0.786357
  218 6.075 63.2006 0.790007
  219 6.125 63.4116 0.792645
  220 6.175 63.6652 0.795815
  221 6.225 63.5524 0.794405
  222 6.275 63.6806 0.796007
  223 6.325 63.884 0.79855
  224 6.375 64.3386 0.804233
  225 6.425 64.4588 0.805735
  226 6.475 64.5252 0.806565
  227 6.525 64.6086 0.807608
  228 6.575 64.6878 0.808598
  229 6.625 64.9318 0.811648
  230 6.675 64.8268 0.810335
  231 6.725 64.9278 0.811598
  232 6.775 64.847 0.810588
  233 6.825 64.9454 0.811817
  234 6.875 64.9046 0.811307
  235 6.925 65.2316 0.815395
  236 6.975 65.1542 0.814427
  237 7.025 65.2402 0.815503
  238 7.075 65.252 0.81565
  239 7.125 65.28 0.816
  240 7.175 65.4564 0.818205
  241 7.225 65.5822 0.819777
  242 7.275 65.6582 0.820727
  243 7.325 65.6274 0.820342
  244 7.375 65.6194 0.820242
  245 7.425 65.559 0.819488
  246 7.475 65.6448 0.82056
  247 7.525 65.736 0.8217
  248 7.575 65.6064 0.82008
  249 7.625 65.6932 0.821165
  250 7.675 65.8018 0.822523
  251 7.725 65.8128 0.82266
  252 7.775 65.4382 0.817977
  253 7.825 65.8696 0.82337
  254 7.875 65.688 0.8211
  255 7.925 65.8724 0.823405
  256 7.975 65.7442 0.821802
  257 8.025 65.578 0.819725
  258 8.075 65.7156 0.821445
  259 8.125 65.877 0.823462
  260 8.175 65.7076 0.821345
  261 8.225 65.5886 0.819858
  262 8.275 65.9186 0.823983
  263 8.325 65.9136 0.82392
  264 8.375 65.497 0.818712
  265 8.425 65.7696 0.82212
  266 8.475 65.7552 0.82194
  267 8.525 65.9094 0.823867
  268 8.575 65.7522 0.821902
  269 8.625 65.8364 0.822955
  270 8.675 65.9536 0.82442
  271 8.725 65.8886 0.823608
  272 8.775 65.8848 0.82356
  273 8.825 65.8842 0.823552
  274 8.875 65.8154 0.822692
  275 8.925 65.8784 0.82348
  276 8.975 66.053 0.825662
  277 9.025 65.7788 0.822235
  278 9.075 65.8082 0.822603
  279 9.125 65.7304 0.82163
  280 9.175 65.864 0.8233
  281 9.225 65.786 0.822325
  282 9.275 65.9966 0.824958
  283 9.325 65.8062 0.822577
  284 9.375 65.9288 0.82411
  285 9.425 65.7398 0.821748
  286 9.475 65.7748 0.822185
  287 9.525 65.8976 0.82372
  288 9.575 65.8542 0.823178
  289 9.625 65.6976 0.82122
  290 9.675 65.909 0.823863
  291 9.725 65.834 0.822925
  292 9.775 65.8338 0.822923
  293 9.825 65.7298 0.821623
  294 9.875 66.0564 0.825705
  295 9.925 65.9704 0.82463
  296 9.975 65.7062 0.821327
  297 10.025 65.8594 0.823242
  298 10.075 65.7284 0.821605
  299 10.125 65.8302 0.822877
  300 10.175 66.0524 0.825655
  301 10.225 65.8042 0.822552
  302 10.275 65.8258 0.822823
  303 10.325 65.84 0.823
  304 10.375 65.6676 0.820845
  305 10.425 65.9526 0.824408
  306 10.475 65.9558 0.824447
  307 10.525 65.7874 0.822342
  308 10.575 65.755 0.821937
  309 10.625 65.935 0.824187
  310 10.675 65.838 0.822975
  311 10.725 65.8738 0.823423
  312 10.775 65.7944 0.82243
  313 10.825 65.6966 0.821208
  314 10.875 65.8154 0.822692
  315 10.925 65.8672 0.82334
  316 10.975 65.7544 0.82193
  317 11.025 65.9014 0.823767
  318 11.075 65.8228 0.822785
  319 11.125 65.7836 0.822295
  320 11.175 65.7072 0.82134
  321 11.225 65.7316 0.821645
  322 11.275 65.745 0.821812
  323 11.325 65.7404 0.821755
  324 11.375 65.5832 0.81979
  325 11.425 65.8822 0.823527
  326 11.475 65.9028 0.823785
  327 11.525 66.0488 0.82561
  328 11.575 66.0118 0.825148
  329 11.625 65.8496 0.82312
  330 11.675 65.9872 0.82484
  331 11.725 65.876 0.82345
  332 11.775 65.7986 0.822483
  333 11.825 65.8096 0.82262
  334 11.875 65.948 0.82435
  335 11.925 65.786 0.822325
  336 11.975 66.079 0.825987
  337 12.025 65.8402 0.823002
  338 12.075 65.8052 0.822565
  339 12.125 65.7242 0.821553
  340 12.175 65.94 0.82425
  341 12.225 65.8036 0.822545
  342 12.275 65.7658 0.822072
  343 12.325 65.8444 0.823055
  344 12.375 65.5084 0.818855
  345 12.425 65.847 0.823087
  346 12.475 65.7604 0.822005
  347 12.525 65.7768 0.82221
  348 12.575 65.7974 0.822467
  349 12.625 65.8982 0.823727
  350 12.675 65.8158 0.822698
  351 12.725 65.9268 0.824085
  352 12.775 65.8412 0.823015
  353 12.825 65.9538 0.824423
  354 12.875 66.0622 0.825777
  355 12.925 65.8774 0.823467
  356 12.975 65.9748 0.824685
  357 13.025 65.7542 0.821927
  358 13.075 65.7562 0.821952
  359 13.125 65.8554 0.823192
  360 13.175 65.7028 0.821285
  361 13.225 65.7392 0.82174
  362 13.275 65.6772 0.820965
  363 13.325 65.7308 0.821635
  364 13.375 65.7696 0.82212
  365 13.425 65.8946 0.823683
  366 13.475 65.8134 0.822667
  367 13.525 65.9784 0.82473
  368 13.575 65.8058 0.822573
  369 13.625 65.8728 0.82341
  370 13.675 65.8232 0.82279
  371 13.725 65.7886 0.822358
  372 13.775 65.8308 0.822885
  373 13.825 66.151 0.826887
  374 13.875 65.8578 0.823223
  375 13.925 65.8994 0.823742
  376 13.975 65.7394 0.821742
  377 14.025 65.879 0.823488
  378 14.075 65.795 0.822438
  379 14.125 65.6538 0.820673
  380 14.175 65.7144 0.82143
  381 14.225 65.6852 0.821065
  382 14.275 65.596 0.81995
  383 14.325 65.778 0.822225
  384 14.375 65.881 0.823512
  385 14.425 65.8794 0.823492
  386 14.475 65.8116 0.822645
  387 14.525 65.933 0.824163
  388 14.575 65.9374 0.824217
  389 14.625 65.8658 0.823323
  390 14.675 66.0932 0.826165
  391 14.725 65.9854 0.824817
  392 14.775 65.9218 0.824022
  393 14.825 65.8996 0.823745
  394 14.875 65.66 0.82075
  395 14.925 65.8358 0.822948
  396 14.975 65.6672 0.82084
  397 15.025 65.7418 0.821773
  398 15.075 65.7752 0.82219
  399 15.125 65.74 0.82175
  400 15.175 65.7488 0.82186
  401 15.225 65.6932 0.821165
  402 15.275 65.837 0.822963
  403 15.325 65.8138 0.822673
  404 15.375 65.804 0.82255
  405 15.425 65.8978 0.823723
  406 15.475 65.7854 0.822317
  407 15.525 65.8408 0.82301
  408 15.575 65.7544 0.82193
  409 15.625 65.8504 0.82313
  410 15.675 65.7312 0.82164
  411 15.725 65.6366 0.820458
  412 15.775 65.6304 0.82038
  413 15.825 65.6066 0.820083
  414 15.875 65.5822 0.819777
  415 15.925 65.4458 0.818073
  416 15.975 65.498 0.818725
  417 16.025 65.4392 0.81799
  418 16.075 65.4832 0.81854
  419 16.125 65.5806 0.819758
  420 16.175 65.652 0.82065
  421 16.225 65.7984 0.82248
  422 16.275 65.6496 0.82062
  423 16.325 65.6154 0.820192
  424 16.375 65.5512 0.81939
  425 16.425 65.3424 0.81678
  426 16.475 65.522 0.819025
  427 16.525 65.6476 0.820595
  428 16.575 65.1736 0.81467
  429 16.625 65.4754 0.818443
  430 16.675 65.3262 0.816577
  431 16.725 65.3276 0.816595
  432 16.775 65.1116 0.813895
  433 16.825 64.9674 0.812092
  434 16.875 65.0676 0.813345
  435 16.925 64.9136 0.81142
  436 16.975 64.8898 0.811123
  437 17.025 65.0272 0.81284
  438 17.075 64.753 0.809412
  439 17.125 64.7864 0.80983
  440 17.175 64.7946 0.809932
  441 17.225 64.692 0.80865
  442 17.275 64.4346 0.805432
  443 17.325 64.5904 0.80738
  444 17.375 64.424 0.8053
  445 17.425 64.2728 0.80341
  446 17.475 64.217 0.802713
  447 17.525 63.8636 0.798295
  448 17.575 63.7604 0.797005
  449 17.625 63.8898 0.798623
  450 17.675 63.8184 0.79773
  451 17.725 63.5738 0.794673
  452 17.775 63.38 0.79225
  453 17.825 63.0588 0.788235
  454 17.875 63.1692 0.789615
  455 17.925 63.0958 0.788698
  456 17.975 62.8108 0.785135
  457 18.025 62.8112 0.78514
  458 18.075 62.5636 0.782045
  459 18.125 62.3286 0.779107
  460 18.175 62.291 0.778637
  461 18.225 61.9924 0.774905
  462 18.275 61.892 0.77365
  463 18.325 61.6044 0.770055
  464 18.375 61.3838 0.767298
  465 18.425 61.2646 0.765807
  466 18.475 60.9108 0.761385
  467 18.525 60.6898 0.758623
  468 18.575 60.5938 0.757422
  469 18.625 60.529 0.756613
  470 18.675 60.213 0.752663
  471 18.725 59.8194 0.747742
  472 18.775 59.663 0.745788
  473 18.825 59.2224 0.74028
  474 18.875 58.9548 0.736935
  475 18.925 58.8698 0.735873
  476 18.975 58.626 0.732825
  477 19.025 58.3358 0.729198
  478 19.075 58.1556 0.726945
  479 19.125 57.645 0.720562
  480 19.175 57.584 0.7198
  481 19.225 57.2112 0.71514
  482 19.275 56.9936 0.71242
  483 19.325 56.5512 0.70689
  484 19.375 56.2782 0.703477
  485 19.425 56.0418 0.700523
  486 19.475 55.7874 0.697342
  487 19.525 55.519 0.693987
  488 19.575 55.241 0.690512
  489 19.625 54.8068 0.685085
  490 19.675 54.8868 0.686085
  491 19.725 54.0918 0.676148
  492 19.775 53.769 0.672113
  493 19.825 53.455 0.668188
  494 19.875 53.3978 0.667473
  495 19.925 53.106 0.663825
  496 19.975 52.6382 0.657977
  497 20.025 52.3952 0.65494
  498 20.075 52.2166 0.652707
  499 20.125 51.8788 0.648485
  500 20.175 51.8128 0.64766
  501 20.225 51.5086 0.643857
  502 20.275 51.1612 0.639515
  503 20.325 50.6984 0.63373
  504 20.375 50.4068 0.630085
  505 20.425 50.4878 0.631098
  506 20.475 50.339 0.629238
  507 20.525 50.1008 0.62626
  508 20.575 49.6052 0.620065
  509 20.625 49.429 0.617862
  510 20.675 49.3076 0.616345
  511 20.725 49.0364 0.612955
  512 20.775 48.512 0.6064
  513 20.825 48.573 0.607163
  514 20.875 48.441 0.605513
  515 20.925 48.061 0.600762
  516 20.975 47.9998 0.599998
  517 21.025 47.8924 0.598655
  518 21.075 47.6264 0.59533
  519 21.125 47.5362 0.594202
  520 21.175 47.398 0.592475
  521 21.225 47.14 0.58925
  522 21.275 46.982 0.587275
  523 21.325 46.8044 0.585055
  524 21.375 46.581 0.582263
  525 21.425 46.4062 0.580077
  526 21.475 46.2732 0.578415
  527 21.525 45.9586 0.574483
  528 21.575 45.9558 0.574447
  529 21.625 45.802 0.572525
  530 21.675 45.7178 0.571473
  531 21.725 45.5586 0.569483
  532 21.775 45.39 0.567375
  533 21.825 45.2446 0.565557
  534 21.875 45.2092 0.565115
  535 21.925 45.0398 0.562998
  536 21.975 44.945 0.561813
  537 22.025 44.6986 0.558732
  538 22.075 44.4754 0.555943
  539 22.125 44.422 0.555275
  540 22.175 44.5284 0.556605
  541 22.225 44.3398 0.554248
  542 22.275 44.1294 0.551617
  543 22.325 44.0538 0.550673
  544 22.375 44.0496 0.55062
  545 22.425 43.7656 0.54707
  546 22.475 43.5976 0.54497
  547 22.525 43.4316 0.542895
  548 22.575 43.4262 0.542828
  549 22.625 43.4996 0.543745
  550 22.675 43.3104 0.54138
  551 22.725 43.3462 0.541828
  552 22.775 43.1406 0.539257
  553 22.825 43.1796 0.539745
  554 22.875 42.9964 0.537455
  555 22.925 42.818 0.535225
  556 22.975 42.711 0.533887
  557 23.025 42.6414 0.533018
  558 23.075 42.4878 0.531098
  559 23.125 42.2512 0.52814
  560 23.175 42.4006 0.530007
  561 23.225 42.2164 0.527705
  562 23.275 42.0254 0.525317
  563 23.325 42.0546 0.525682
  564 23.375 42.1302 0.526627
  565 23.425 42.1276 0.526595
  566 23.475 41.9886 0.524857
  567 23.525 41.992 0.5249
  568 23.575 42.0122 0.525152
  569 23.625 41.9134 0.523918
  570 23.675 41.7502 0.521877
  571 23.725 41.8084 0.522605
  572 23.775 41.5334 0.519168
  573 23.825 41.5674 0.519593
  574 23.875 41.3498 0.516873
  575 23.925 41.2874 0.516093
  576 23.975 41.1592 0.51449
  577 24.025 41.3116 0.516395
  578 24.075 41.1656 0.51457
  579 24.125 41.1338 0.514173
  580 24.175 41.0864 0.51358
  581 24.225 40.9832 0.51229
  582 24.275 41.1408 0.51426
  583 24.325 40.8686 0.510857
  584 24.375 40.84 0.5105
  585 24.425 40.798 0.509975
  586 24.475 40.8364 0.510455
  587 24.525 40.9022 0.511277
  588 24.575 40.6838 0.508548
1500000 588 32000
  1 -4.775 41.9304 0.52413
  2 -4.725 41.9912 0.52489
  3 -4.675 41.796 0.52245
  4 -4.625 41.7158 0.521448
  5 -4.575 41.659 0.520737
  6 -4.525 41.659 0.520737
  7 -4.475 41.615 0.520188
  8 -4.425 41.5848 0.51981
  9 -4.375 41.523 0.519038
  10 -4.325 41.4548 0.518185
  11 -4.275 41.3594 0.516992
  12 -4.225 41.2388 0.515485
  13 -4.175 41.2188 0.515235
  14 -4.125 40.9926 0.512408
  15 -4.075 41.1484 0.514355
  16 -4.025 40.929 0.511613
  17 -3.975 40.6904 0.50863
  18 -3.925 40.9272 0.51159
  19 -3.875 40.8724 0.510905
  20 -3.825 40.6256 0.50782
  21 -3.775 40.7148 0.508935
  22 -3.725 40.7438 0.509298
  23 -3.675 40.6654 0.508317
  24 -3.625 40.6038 0.507548
  25 -3.575 40.6874 0.508593
  26 -3.525 40.4024 0.50503
  27 -3.475 40.5086 0.506358
  28 -3.425 40.2528 0.50316
  29 -3.375 40.2898 0.503623
  30 -3.325 40.3762 0.504702
  31 -3.275 40.2142 0.502677
  32 -3.225 40.31 0.503875
  33 -3.175 40.1482 0.501852
  34 -3.125 40.2664 0.50333
  35 -3.075 39.8886 0.498607
  36 -3.025 40.0574 0.500718
  37 -2.975 39.8694 0.498368
  38 -2.925 39.8022 0.497527
  39 -2.875 39.884 0.49855
  40 -2.825 39.9092 0.498865
  41 -2.775 39.926 0.499075
  42 -2.725 39.6976 0.49622
  43 -2.675 39.8086 0.497607
  44 -2.625 40.105 0.501313
  45 -2.575 39.8262 0.497827
  46 -2.525 39.9482 0.499352
  47 -2.475 39.8594 0.498243
  48 -2.425 39.7188 0.496485
  49 -2.375 39.5278 0.494098
  50 -2.325 39.524 0.49405
  51 -2.275 39.6042 0.495052
  52 -2.225 39.7186 0.496482
  53 -2.175 39.4988 0.493735
  54 -2.125 39.4466 0.493082
  55 -2.075 39.1364 0.489205
  56 -2.025 39.298 0.491225
  57 -1.975 39.4256 0.49282
  58 -1.925 39.4278 0.492848
  59 -1.875 39.3436 0.491795
  60 -1.825 39.422 0.492775
  61 -1.775 39.6336 0.49542
  62 -1.725 39.2232 0.49029
  63 -1.675 39.5688 0.49461
  64 -1.625 39.7036 0.496295
  65 -1.575 39.57 0.494625
  66 -1.525 39.5894 0.494868
  67 -1.475 39.5734 0.494668
  68 -1.425 39.5924 0.494905
  69 -1.375 39.4344 0.49293
  70 -1.325 39.4842 0.493552
  71 -1.275 39.4284 0.492855
  72 -1.225 39.365 0.492063
  73 -1.175 39.204 0.49005
  74 -1.125 39.3686 0.492107
  75 -1.075 39.484 0.49355
  76 -1.025 39.528 0.4941
  77 -0.975 39.4446 0.493057
  78 -0.925 39.2882 0.491102
  79 -0.875 39.4754 0.493443
  80 -0.825 39.5558 0.494448
  81 -0.775 39.3188 0.491485
  82 -0.725 39.5672 0.49459
  83 -0.675 39.535 0.494188
  84 -0.625 39.4582 0.493227
  85 -0.575 39.686 0.496075
  86 -0.525 39.774 0.497175
  87 -0.475 39.7998 0.497498
  88 -0.425 39.6968 0.49621
  89 -0.375 39.7512 0.49689
  90 -0.325 39.6406 0.495507
  91 -0.275 39.7126 0.496408
  92 -0.225 39.6914 0.496143
  93 -0.175 39.5916 0.494895
  94 -0.125 39.7408 0.49676
  95 -0.075 39.7358 0.496698
  96 -0.025 39.7236 0.496545
  97 0.025 40.0208 0.50026
  98 0.075 39.826 0.497825
  99 0.125 40.1268 0.501585
  100 0.175 40.0456 0.50057
  101 0.225 40.0056 0.50007
  102 0.275 40.0868 0.501085
  103 0.325 40.3024 0.50378
  104 0.375 40.0056 0.50007
  105 0.425 40.226 0.502825
  106 0.475 40.3816 0.50477
  107 0.525 40.4152 0.50519
  108 0.575 40.2676 0.503345
  109 0.625 40.1456 0.50182
  110 0.675 40.3536 0.50442
  111 0.725 40.32 0.504
  112 0.775 40.747 0.509337
  113 0.825 40.5532 0.506915
  114 0.875 40.4816 0.50602
  115 0.925 40.6638 0.508298
  116 0.975 40.595 0.507437
  117 1.025 40.6978 0.508723
  118 1.075 40.9398 0.511748
  119 1.125 40.6726 0.508408
  120 1.175 40.7192 0.50899
  121 1.225 41.1456 0.51432
  122 1.275 41.2572 0.515715
  123 1.325 41.0716 0.513395
  124 1.375 41.1832 0.51479
  125 1.425 41.2248 0.51531
  126 1.475 41.3268 0.516585
  127 1.525 41.3802 0.517253
  128 1.575 41.4836 0.518545
  129 1.625 41.4206 0.517757
  130 1.675 41.648 0.5206
  131 1.725 41.7144 0.52143
  132 1.775 41.8702 0.523377
  133 1.825 41.8352 0.52294
  134 1.875 41.8986 0.523732
  135 1.925 42.0216 0.52527
  136 1.975 42.168 0.5271
  137 2.025 42.0026 0.525033
  138 2.075 42.1388 0.526735
  139 2.125 42.1632 0.52704
  140 2.175 42.444 0.53055
  141 2.225 42.5074 0.531343
  142 2.275 42.6118 0.532648
  143 2.325 42.679 0.533488
  144 2.375 42.8534 0.535667
  145 2.425 42.8572 0.535715
  146 2.475 42.9626 0.537033
  147 2.525 43.1498 0.539373
  148 2.575 43.152 0.5394
  149 2.625 43.1428 0.539285
  150 2.675 43.4072 0.54259
  151 2.725 43.31 0.541375
  152 2.775 43.6254 0.545318
  153 2.825 43.747 0.546837
  154 2.875 43.7472 0.54684
  155 2.925 43.7164 0.546455
  156 2.975 43.78 0.54725
  157 3.025 43.8288 0.54786
  158 3.075 44.0792 0.55099
  159 3.125 44.1834 0.552292
  160 3.175 44.3742 0.554677
  161 3.225 44.5368 0.55671
  162 3.275 44.9164 0.561455
  163 3.325 44.8374 0.560468
  164 3.375 45.0244 0.562805
  165 3.425 45.0158 0.562698
  166 3.475 45.4268 0.567835
  167 3.525 45.2118 0.565148
  168 3.575 45.6056 0.57007
  169 3.625 45.8228 0.572785
  170 3.675 45.756 0.57195
  171 3.725 45.9098 0.573873
  172 3.775 45.8852 0.573565
  173 3.825 46.061 0.575762
  174 3.875 46.3604 0.579505
  175 3.925 46.4998 0.581248
  176 3.975 46.4632 0.58079
  177 4.025 46.7394 0.584242
  178 4.075 46.9424 0.58678
  179 4.125 47.144 0.5893
  180 4.175 47.3174 0.591468
  181 4.225 47.4494 0.593117
  182 4.275 47.6546 0.595683
  183 4.325 47.9446 0.599307
  184 4.375 48.007 0.600087
  185 4.425 48.0754 0.600943
  186 4.475 48.359 0.604487
  187 4.525 48.671 0.608387
  188 4.575 48.7668 0.609585
  189 4.625 49.1538 0.614422
  190 4.675 49.3258 0.616573
  191 4.725 49.3908 0.617385
  192 4.775 49.6102 0.620127
  193 4.825 49.9232 0.62404
  194 4.875 50.2556 0.628195
  195 4.925 50.3446 0.629308
  196 4.975 50.6374 0.632968
  197 5.025 50.9618 0.637023
  198 5.075 51.0562 0.638203
  199 5.125 51.4598 0.643248
  200 5.175 51.3552 0.64194
  201 5.225 51.9236 0.649045
  202 5.275 52.1968 0.65246
  203 5.325 52.6558 0.658197
  204 5.375 52.7214 0.659018
  205 5.425 52.9164 0.661455
  206 5.475 53.1026 0.663782
  207 5.525 53.4868 0.668585
  208 5.575 53.8718 0.673397
  209 5.625 54.1286 0.676608
  210 5.675 54.3182 0.678978
  211 5.725 54.5914 0.682393
  212 5.775 54.913 0.686412
  213 5.825 55.2302 0.690377
  214 5.875 55.6314 0.695392
  215 5.925 55.8424 0.69803
  216 5.975 56.1612 0.702015
  217 6.025 56.5774 0.707218
  218 6.075 56.6748 0.708435
  219 6.125 57.0968 0.71371
  220 6.175 57.2804 0.716005
  221 6.225 57.8022 0.722527
  222 6.275 58.151 0.726888
  223 6.325 58.2106 0.727633
  224 6.375 58.6388 0.732985
  225 6.425 58.9206 0.736507
  226 6.475 59.1698 0.739623
  227 6.525 59.3736 0.74217
  228 6.575 59.6352 0.74544
  229 6.625 60.0108 0.750135
  230 6.675 60.1462 0.751827
  231 6.725 60.3462 0.754327
  232 6.775 60.741 0.759262
  233 6.825 60.8844 0.761055
  234 6.875 61.1162 0.763952
  235 6.925 61.403 0.767537
  236 6.975 61.7328 0.77166
  237 7.025 61.9204 0.774005
  238 7.075 61.9618 0.774523
  239 7.125 62.2116 0.777645
  240 7.175 62.2972 0.778715
  241 7.225 62.6346 0.782933
  242 7.275 62.6802 0.783502
  243 7.325 62.9726 0.787157
  244 7.375 63.2596 0.790745
  245 7.425 63.3098 0.791373
  246 7.475 63.4454 0.793068
  247 7.525 63.5208 0.79401
  248 7.575 63.7304 0.79663
  249 7.625 63.9282 0.799102
  250 7.675 64.0406 0.800507
  251 7.725 64.0814 0.801018
  252 7.775 64.3454 0.804318
  253 7.825 64.6246 0.807808
  254 7.875 64.2992 0.80374
  255 7.925 64.5698 0.807123
  256 7.975 64.7368 0.80921
  257 8.025 64.8788 0.810985
  258 8.075 64.9702 0.812128
  259 8.125 65.0102 0.812627
  260 8.175 65.1252 0.814065
  261 8.225 65.2792 0.81599
  262 8.275 65.2818 0.816022
  263 8.325 65.2712 0.81589
  264 8.375 65.206 0.815075
  265 8.425 65.4968 0.81871
  266 8.475 65.4166 0.817708
  267 8.525 65.3732 0.817165
  268 8.575 65.2996 0.816245
  269 8.625 65.3278 0.816598
  270 8.675 65.3284 0.816605
  271 8.725 65.4038 0.817547
  272 8.775 65.5106 0.818882
  273 8.825 65.574 0.819675
  274 8.875 65.6792 0.82099
  275 8.925 65.5268 0.819085
  276 8.975 65.7322 0.821653
  277 9.025 65.7264 0.82158
  278 9.075 65.6792 0.82099
  279 9.125 65.7702 0.822128
  280 9.175 65.8662 0.823327
  281 9.225 65.94 0.82425
  282 9.275 66.0014 0.825017
  283 9.325 65.8702 0.823377
  284 9.375 65.9018 0.823773
  285 9.425 65.8478 0.823098
  286 9.475 65.6822 0.821027
  287 9.525 65.7034 0.821292
  288 9.575 66.0086 0.825108
  289 9.625 65.8182 0.822727
  290 9.675 65.813 0.822662
  291 9.725 65.549 0.819362
  292 9.775 65.6576 0.82072
  293 9.825 66.0152 0.82519
  294 9.875 65.8756 0.823445
  295 9.925 65.965 0.824562
  296 9.975 65.9218 0.824022
  297 10.025 65.562 0.819525
  298 10.075 65.927 0.824087
  299 10.125 65.8552 0.82319
  300 10.175 65.6926 0.821158
  301 10.225 65.8892 0.823615
  302 10.275 65.984 0.8248
  303 10.325 65.8266 0.822833
  304 10.375 65.8698 0.823373
  305 10.425 65.9328 0.82416
  306 10.475 65.8682 0.823352
  307 10.525 65.8984 0.82373
  308 10.575 65.9328 0.82416
  309 10.625 65.8002 0.822502
  310 10.675 65.9248 0.82406
  311 10.725 65.9478 0.824348
  312 10.775 65.9534 0.824417
  313 10.825 65.9566 0.824458
  314 10.875 66.0114 0.825142
  315 10.925 65.8052 0.822565
  316 10.975 65.912 0.8239
  317 11.025 65.691 0.821137
  318 11.075 65.7934 0.822417
  319 11.125 65.83 0.822875
  320 11.175 65.84 0.823
  321 11.225 65.9096 0.82387
  322 11.275 65.9084 0.823855
  323 11.325 65.9622 0.824527
  324 11.375 65.7566 0.821958
  325 11.425 65.8976 0.82372
  326 11.475 65.8224 0.82278
  327 11.525 65.7116 0.821395
  328 11.575 65.8068 0.822585
  329 11.625 66.0244 0.825305
  330 11.675 66.0342 0.825427
  331 11.725 65.804 0.82255
  332 11.775 66.0434 0.825542
  333 11.825 65.8008 0.82251
  334 11.875 65.7838 0.822298
  335 11.925 65.8282 0.822852
  336 11.975 65.8866 0.823583
  337 12.025 65.762 0.822025
  338 12.075 65.7184 0.82148
  339 12.125 66.0568 0.82571
  340 12.175 65.8338 0.822923
  341 12.225 65.9416 0.82427
  342 12.275 65.9582 0.824477
  343 12.325 65.9148 0.823935
  344 12.375 65.7906 0.822383
  345 12.425 65.7276 0.821595
  346 12.475 66.0752 0.82594
  347 12.525 65.8002 0.822502
  348 12.575 66.062 0.825775
  349 12.625 65.772 0.82215
  350 12.675 66.0872 0.82609
  351 12.725 65.9114 0.823892
  352 12.775 65.976 0.8247
  353 12.825 65.7718 0.822148
  354 12.875 65.9626 0.824533
  355 12.925 65.6388 0.820485
  356 12.975 65.8874 0.823592
  357 13.025 65.712 0.8214
  358 13.075 65.8424 0.82303
  359 13.125 65.9084 0.823855
  360 13.175 65.8598 0.823248
  361 13.225 66.0052 0.825065
  362 13.275 65.7956 0.822445
  363 13.325 65.708 0.82135
  364 13.375 65.8932 0.823665
  365 13.425 65.9254 0.824067
  366 13.475 65.9646 0.824558
  367 13.525 65.8324 0.822905
  368 13.575 65.985 0.824812
  369 13.625 65.7854 0.822317
  370 13.675 65.8392 0.82299
  371 13.725 65.992 0.8249
  372 13.775 65.7994 0.822492
  373 13.825 65.9428 0.824285
  374 13.875 65.8898 0.823623
  375 13.925 65.9238 0.824048
  376 13.975 65.7758 0.822198
  377 14.025 65.8114 0.822642
  378 14.075 65.972 0.82465
  379 14.125 65.9878 0.824848
  380 14.175 65.9202 0.824002
  381 14.225 65.918 0.823975
  382 14.275 65.8748 0.823435
  383 14.325 65.904 0.8238
  384 14.375 65.8972 0.823715
  385 14.425 65.7022 0.821277
  386 14.475 65.782 0.822275
  387 14.525 65.697 0.821213
  388 14.575 65.8266 0.822833
  389 14.625 65.9184 0.82398
  390 14.675 65.9554 0.824442
  391 14.725 65.786 0.822325
  392 14.775 65.8596 0.823245
  393 14.825 65.897 0.823712
  394 14.875 65.9604 0.824505
  395 14.925 65.8752 0.82344
  396 14.975 65.9464 0.82433
  397 15.025 65.9834 0.824792
  398 15.075 65.8888 0.82361
  399 15.125 65.8286 0.822858
  400 15.175 66.0142 0.825178
  401 15.225 66.0994 0.826242
  402 15.275 65.9274 0.824092
  403 15.325 65.8324 0.822905
  404 15.375 65.87 0.823375
  405 15.425 65.6908 0.821135
  406 15.475 65.8176 0.82272
  407 15.525 65.8764 0.823455
  408 15.575 66.016 0.8252
  409 15.625 65.9024 0.82378
  410 15.675 65.6658 0.820823
  411 15.725 65.8944 0.82368
  412 15.775 66.0252 0.825315
  413 15.825 65.871 0.823388
  414 15.875 65.8892 0.823615
  415 15.925 65.8158 0.822698
  416 15.975 65.9506 0.824383
  417 16.025 65.8034 0.822542
  418 16.075 65.8154 0.822692
  419 16.125 65.8094 0.822617
  420 16.175 65.9632 0.82454
  421 16.225 65.797 0.822462
  422 16.275 65.9152 0.82394
  423 16.325 65.7194 0.821492
  424 16.375 65.7128 0.82141
  425 16.425 65.8066 0.822583
  426 16.475 65.6704 0.82088
  427 16.525 65.812 0.82265
  428 16.575 65.7464 0.82183
  429 16.625 65.7216 0.82152
  430 16.675 65.8092 0.822615
  431 16.725 65.6932 0.821165
  432 16.775 65.9074 0.823842
  433 16.825 66.0506 0.825633
  434 16.875 65.8676 0.823345
  435 16.925 65.95 0.824375
  436 16.975 65.8908 0.823635
  437 17.025 65.768 0.8221
  438 17.075 65.5684 0.819605
  439 17.125 65.9016 0.82377
  440 17.175 65.7268 0.821585
  441 17.225 65.6706 0.820883
  442 17.275 65.909 0.823863
  443 17.325 65.8626 0.823283
  444 17.375 65.8698 0.823373
  445 17.425 65.553 0.819412
  446 17.475 65.658 0.820725
  447 17.525 65.883 0.823538
  448 17.575 65.6244 0.820305
  449 17.625 65.7008 0.82126
  450 17.675 65.8322 0.822902
  451 17.725 65.5722 0.819653
  452 17.775 65.808 0.8226
  453 17.825 65.7386 0.821733
  454 17.875 65.7016 0.82127
  455 17.925 65.9266 0.824083
  456 17.975 65.6884 0.821105
  457 18.025 65.5992 0.81999
  458 18.075 65.5754 0.819692
  459 18.125 65.5642 0.819553
  460 18.175 65.4712 0.81839
  461 18.225 65.6046 0.820058
  462 18.275 65.364 0.81705
  463 18.325 65.4076 0.817595
  464 18.375 65.4578 0.818223
  465 18.425 65.3612 0.817015
  466 18.475 65.3758 0.817198
  467 18.525 65.213 0.815163
  468 18.575 65.4372 0.817965
  469 18.625 65.3902 0.817377
  470 18.675 65.1872 0.81484
  471 18.725 64.8418 0.810523
  472 18.775 65.0682 0.813352
  473 18.825 64.9048 0.81131
  474 18.875 64.591 0.807388
  475 18.925 64.6234 0.807793
  476 18.975 64.447 0.805588
  477 19.025 64.5964 0.807455
  478 19.075 64.2504 0.80313
  479 19.125 64.0582 0.800727
  480 19.175 64.2314 0.802893
  481 19.225 63.9514 0.799393
  482 19.275 63.8404 0.798005
  483 19.325 63.7016 0.79627
  484 19.375 63.57 0.794625
  485 19.425 63.2564 0.790705
  486 19.475 63.1206 0.789007
  487 19.525 62.9764 0.787205
  488 19.575 62.6844 0.783555
  489 19.625 62.6186 0.782732
  490 19.675 62.4294 0.780367
  491 19.725 61.8572 0.773215
  492 19.775 62.0886 0.776107
  493 19.825 61.7066 0.771332
  494 19.875 61.5002 0.768752
  495 19.925 61.2536 0.76567
  496 19.975 60.7912 0.75989
  497 20.025 60.677 0.758463
  498 20.075 60.3062 0.753827
  499 20.125 60.137 0.751713
  500 20.175 59.7992 0.74749
  501 20.225 59.5126 0.743907
  502 20.275 59.336 0.7417
  503 20.325 58.8256 0.73532
  504 20.375 58.4564 0.730705
  505 20.425 58.533 0.731662
  506 20.475 57.9306 0.724132
  507 20.525 57.8484 0.723105
  508 20.575 57.2462 0.715577
  509 20.625 57.0528 0.71316
  510 20.675 56.7112 0.70889
  511 20.725 56.3924 0.704905
  512 20.775 56.0866 0.701082
  513 20.825 55.8284 0.697855
  514 20.875 55.6454 0.695568
  515 20.925 55.1296 0.68912
  516 20.975 54.9618 0.687023
  517 21.025 54.4692 0.680865
  518 21.075 54.3528 0.67941
  519 21.125 53.7412 0.671765
  520 21.175 53.6098 0.670123
  521 21.225 53.3016 0.66627
  522 21.275 53.0662 0.663327
  523 21.325 52.639 0.657987
  524 21.375 52.573 0.657162
  525 21.425 52.183 0.652288
  526 21.475 51.9216 0.64902
  527 21.525 51.6736 0.64592
  528 21.575 51.5998 0.644998
  529 21.625 51.1222 0.639027
  530 21.675 50.7876 0.634845
  531 21.725 50.7326 0.634157
  532 21.775 50.4094 0.630117
  533 21.825 50.1676 0.627095
  534 21.875 49.7742 0.622177
  535 21.925 49.7302 0.621627
  536 21.975 49.551 0.619387
  537 22.025 49.0852 0.613565
  538 22.075 48.8012 0.610015
  539 22.125 48.6602 0.608252
  540 22.175 48.492 0.60615
  541 22.225 48.3256 0.60407
  542 22.275 48.157 0.601962
  543 22.325 48.0042 0.600052
  544 22.375 47.7522 0.596903
  545 22.425 47.4816 0.59352
  546 22.475 47.462 0.593275
  547 22.525 47.3198 0.591498
  548 22.575 47.1262 0.589077
  549 22.625 46.7536 0.58442
  550 22.675 46.669 0.583363
  551 22.725 46.3334 0.579168
  552 22.775 46.2784 0.57848
  553 22.825 46.1554 0.576943
  554 22.875 45.9526 0.574407
  555 22.925 45.718 0.571475
  556 22.975 45.7494 0.571867
  557 23.025 45.5936 0.56992
  558 23.075 45.2144 0.56518
  559 23.125 45.143 0.564288
  560 23.175 45.0874 0.563593
  561 23.225 44.9484 0.561855
  562 23.275 45.0238 0.562798
  563 23.325 44.7116 0.558895
  564 23.375 44.6184 0.55773
  565 23.425 44.4236 0.555295
  566 23.475 44.2586 0.553233
  567 23.525 44.1664 0.55208
  568 23.575 43.9078 0.548848
  569 23.625 44.0046 0.550057
  570 23.675 43.924 0.54905
  571 23.725 43.5186 0.543983
  572 23.775 43.5916 0.544895
  573 23.825 43.5744 0.54468
  574 23.875 43.2592 0.54074
  575 23.925 43.2982 0.541227
  576 23.975 43.3176 0.54147
  577 24.025 43.1816 0.53977
  578 24.075 42.848 0.5356
  579 24.125 43.0038 0.537548
  580 24.175 42.8606 0.535757
  581 24.225 42.7516 0.534395
  582 24.275 42.549 0.531863
  583 24.325 42.6286 0.532857
  584 24.375 42.5624 0.53203
  585 24.425 42.4662 0.530828
  586 24.475 42.03 0.525375
  587 24.525 42.214 0.527675
  588 24.575 41.9656 0.52457
2000000 588 32000
  1 -4.775 43.1256 0.53907
  2 -4.725 42.9282 0.536602
  3 -4.675 42.9506 0.536882
  4 -4.625 42.7744 0.53468
  5 -4.575 42.8334 0.535417
  6 -4.525 42.6404 0.533005
  7 -4.475 42.3414 0.529268
  8 -4.425 42.3654 0.529567
  9 -4.375 42.3268 0.529085
  10 -4.325 42.3582 0.529477
  11 -4.275 42.1474 0.526842
  12 -4.225 42.329 0.529112
  13 -4.175 42.142 0.526775
  14 -4.125 41.9578 0.524473
  15 -4.075 42.0984 0.52623
  16 -4.025 41.7516 0.521895
  17 -3.975 41.9666 0.524582
  18 -3.925 41.6756 0.520945
  19 -3.875 41.6266 0.520332
  20 -3.825 41.681 0.521012
  21 -3.775 41.6078 0.520097
  22 -3.725 41.4986 0.518732
  23 -3.675 41.4206 0.517757
  24 -3.625 41.3512 0.51689
  25 -3.575 41.1724 0.514655
  26 -3.525 41.1288 0.51411
  27 -3.475 41.0782 0.513477
  28 -3.425 41.2014 0.515018
  29 -3.375 41.0692 0.513365
  30 -3.325 41.0166 0.512707
  31 -3.275 40.9346 0.511682
  32 -3.225 40.7944 0.50993
  33 -3.175 40.835 0.510437
  34 -3.125 40.77 0.509625
  35 -3.075 40.873 0.510912
  36 -3.025 40.5892 0.507365
  37 -2.975 40.7104 0.50888
  38 -2.925 40.6558 0.508198
  39 -2.875 40.4962 0.506202
  40 -2.825 40.368 0.5046
  41 -2.775 40.4724 0.505905
  42 -2.725 40.3942 0.504927
  43 -2.675 40.3106 0.503883
  44 -2.625 40.2292 0.502865
  45 -2.575 40.163 0.502038
  46 -2.525 40.0706 0.500883
  47 -2.475 40.1798 0.502248
  48 -2.425 40.2808 0.50351
  49 -2.375 40.1548 0.501935
  50 -2.325 40.1792 0.50224
  51 -2.275 40.1226 0.501532
  52 -2.225 40.0722 0.500902
  53 -2.175 40.0052 0.500065
  54 -2.125 39.9434 0.499293
  55 -2.075 39.961 0.499513
  56 -2.025 39.847 0.498088
  57 -1.975 39.8282 0.497852
  58 -1.925 39.97 0.499625
  59 -1.875 39.9238 0.499048
  60 -1.825 39.8132 0.497665
  61 -1.775 39.746 0.496825
  62 -1.725 39.7724 0.497155
  63 -1.675 39.805 0.497563
  64 -1.625 39.7198 0.496498
  65 -1.575 39.7366 0.496707
  66 -1.525 39.7544 0.49693
  67 -1.475 39.788 0.49735
  68 -1.425 39.6998 0.496248
  69 -1.375 39.8176 0.49772
  70 -1.325 39.5518 0.494398
  71 -1.275 39.5702 0.494627
  72 -1.225 39.833 0.497912
  73 -1.175 39.662 0.495775
  74 -1.125 39.703 0.496287
  75 -1.075 39.7026 0.496282
  76 -1.025 39.5868 0.494835
  77 -0.975 39.5688 0.49461
  78 -0.925 39.64 0.4955
  79 -0.875 39.609 0.495113
  80 -0.825 39.683 0.496038
  81 -0.775 39.6508 0.495635
  82 -0.725 39.8516 0.498145
  83 -0.675 39.7952 0.49744
  84 -0.625 39.851 0.498138
  85 -0.575 39.7432 0.49679
  86 -0.525 39.792 0.4974
  87 -0.475 39.6452 0.495565
  88 -0.425 39.5658 0.494573
  89 -0.375 39.6368 0.49546
  90 -0.325 39.6294 0.495368
  91 -0.275 39.7868 0.497335
  92 -0.225 39.627 0.495337
  93 -0.175 39.827 0.497837
  94 -0.125 39.8052 0.497565
  95 -0.075 39.8652 0.498315
  96 -0.025 39.7864 0.49733
  97 0.025 39.8186 0.497732
  98 0.075 39.9282 0.499102
  99 0.125 39.9884 0.499855
  100 0.175 39.9274 0.499092
  101 0.225 40.096 0.5012
  102 0.275 39.9184 0.49898
  103 0.325 39.9922 0.499902
  104 0.375 40.0316 0.500395
  105 0.425 40.0816 0.50102
  106 0.475 40.1198 0.501498
  107 0.525 39.963 0.499538
  108 0.575 40.043 0.500537
  109 0.625 40.0156 0.500195
  110 0.675 39.9678 0.499598
  111 0.725 40.143 0.501788
  112 0.775 40.2066 0.502582
  113 0.825 40.2466 0.503082
  114 0.875 40.1862 0.502327
  115 0.925 40.3424 0.50428
  116 0.975 40.2602 0.503252
  117 1.025 40.5052 0.506315
  118 1.075 40.3364 0.504205
  119 1.125 40.4082 0.505103
  120 1.175 40.4458 0.505573
  121 1.225 40.4204 0.505255
  122 1.275 40.6514 0.508143
  123 1.325 40.6966 0.508707
  124 1.375 40.6932 0.508665
  125 1.425 40.8414 0.510518
  126 1.475 40.8046 0.510057
  127 1.525 40.7988 0.509985
  128 1.575 40.9106 0.511382
  129 1.625 40.938 0.511725
  130 1.675 41.071 0.513387
  131 1.725 40.9942 0.512427
  132 1.775 41.0128 0.51266
  133 1.825 41.143 0.514288
  134 1.875 41.102 0.513775
  135 1.925 41.4052 0.517565
  136 1.975 41.442 0.518025
  137 2.025 41.348 0.51685
  138 2.075 41.5162 0.518952
  139 2.125 41.4674 0.518343
  140 2.175 41.6086 0.520107
  141 2.225 41.7666 0.522083
  142 2.275 41.8296 0.52287
  143 2.325 41.8568 0.52321
  144 2.375 41.9264 0.52408
  145 2.425 41.9886 0.524857
  146 2.475 42.1352 0.52669
  147 2.525 42.1744 0.52718
  148 2.575 42.037 0.525463
  149 2.625 42.3262 0.529077
  150 2.675 42.468 0.53085
  151 2.725 42.4656 0.53082
  152 2.775 42.3438 0.529298
  153 2.825 42.484 0.53105
  154 2.875 42.6604 0.533255
  155 2.925 42.7576 0.53447
  156 2.975 42.7922 0.534902
  157 3.025 42.8348 0.535435
  158 3.075 43.0556 0.538195
  159 3.125 43.1834 0.539793
  160 3.175 43.1932 0.539915
  161 3.225 43.4548 0.543185
  162 3.275 43.4366 0.542957
  163 3.325 43.514 0.543925
  164 3.375 43.5852 0.544815
  165 3.425 43.7586 0.546982
  166 3.475 43.9544 0.54943
  167 3.525 44.0422 0.550527
  168 3.575 44.1552 0.55194
  169 3.625 44.223 0.552787
  170 3.675 44.2772 0.553465
  171 3.725 44.3426 0.554283
  172 3.775 44.6362 0.557952
  173 3.825 44.7406 0.559257
  174 3.875 44.9216 0.56152
  175 3.925 44.9166 0.561457
  176 3.975 45.0634 0.563292
  177 4.025 45.2126 0.565157
  178 4.075 45.424 0.5678
  179 4.125 45.3816 0.56727
  180 4.175 45.6146 0.570183
  181 4.225 45.8578 0.573223
  182 4.275 46.1 0.57625
  183 4.325 46.105 0.576313
  184 4.375 46.34 0.57925
  185 4.425 46.4578 0.580723
  186 4.475 46.8666 0.585832
  187 4.525 46.945 0.586812
  188 4.575 47.051 0.588137
  189 4.625 47.0688 0.58836
  190 4.675 47.3496 0.59187
  191 4.725 47.4624 0.59328
  192 4.775 47.584 0.5948
  193 4.825 47.7662 0.597077
  194 4.875 47.9226 0.599032
  195 4.925 48.186 0.602325
  196 4.975 48.3728 0.60466
  197 5.025 48.6656 0.60832
  198 5.075 48.771 0.609638
  199 5.125 49.1594 0.614492
  200 5.175 49.2708 0.615885
  201 5.225 49.4398 0.617998
  202 5.275 49.7664 0.62208
  203 5.325 50.1056 0.62632
  204 5.375 50.3206 0.629007
  205 5.425 50.7056 0.63382
  206 5.475 50.909 0.636363
  207 5.525 51.0148 0.637685
  208 5.575 51.2372 0.640465
  209 5.625 51.421 0.642763
  210 5.675 51.939 0.649238
  211 5.725 51.9818 0.649773
  212 5.775 52.2532 0.653165
  213 5.825 52.5458 0.656823
  214 5.875 52.6408 0.65801
  215 5.925 53.007 0.662587
  216 5.975 53.2684 0.665855
  217 6.025 53.8592 0.67324
  218 6.075 53.9044 0.673805
  219 6.125 54.2512 0.67814
  220 6.175 54.5052 0.681315
  221 6.225 54.739 0.684238
  222 6.275 54.9706 0.687133
  223 6.325 55.5144 0.69393
  224 6.375 55.9354 0.699192
  225 6.425 56.041 0.700512
  226 6.475 56.3616 0.70452
  227 6.525 56.5502 0.706877
  228 6.575 56.8842 0.711052
  229 6.625 57.3368 0.71671
  230 6.675 57.3684 0.717105
  231 6.725 57.8964 0.723705
  232 6.775 58.1504 0.72688
  233 6.825 58.3186 0.728982
  234 6.875 58.7208 0.73401
  235 6.925 59.0648 0.73831
  236 6.975 59.3576 0.74197
  237 7.025 59.444 0.74305
  238 7.075 59.8922 0.748652
  239 7.125 59.9948 0.749935
  240 7.175 60.239 0.752988
  241 7.225 60.4088 0.75511
  242 7.275 61.0328 0.76291
  243 7.325 61.0378 0.762973
  244 7.375 61.1196 0.763995
  245 7.425 61.6054 0.770068
  246 7.475 61.5564 0.769455
  247 7.525 61.815 0.772687
  248 7.575 62.163 0.777038
  249 7.625 62.4416 0.78052
  250 7.675 62.6342 0.782927
  251 7.725 62.4996 0.781245
  252 7.775 62.8702 0.785878
  253 7.825 63.1422 0.789277
  254 7.875 63.0792 0.78849
  255 7.925 63.239 0.790488
  256 7.975 63.5042 0.793802
  257 8.025 63.6254 0.795318
  258 8.075 63.7184 0.79648
  259 8.125 63.9446 0.799307
  260 8.175 64.0566 0.800708
  261 8.225 64.1076 0.801345
  262 8.275 64.2794 0.803493
  263 8.325 64.3402 0.804252
  264 8.375 64.2842 0.803553
  265 8.425 64.6144 0.80768
  266 8.475 64.472 0.8059
  267 8.525 64.7402 0.809252
  268 8.575 64.7498 0.809373
  269 8.625 64.6968 0.80871
  270 8.675 65.066 0.813325
  271 8.725 64.949 0.811863
  272 8.775 64.9842 0.812302
  273 8.825 65.158 0.814475
  274 8.875 65.1012 0.813765
  275 8.925 65.2562 0.815702
  276 8.975 65.2338 0.815423
  277 9.025 65.3244 0.816555
  278 9.075 65.505 0.818813
  279 9.125 65.5444 0.819305
  280 9.175 65.4346 0.817932
  281 9.225 65.2784 0.81598
  282 9.275 65.4856 0.81857
  283 9.325 65.4482 0.818102
  284 9.375 65.3674 0.817092
  285 9.425 65.5874 0.819842
  286 9.475 65.6944 0.82118
  287 9.525 65.7652 0.822065
  288 9.575 65.58 0.81975
  289 9.625 65.5364 0.819205
  290 9.675 65.499 0.818738
  291 9.725 65.7944 0.82243
  292 9.775 65.6476 0.820595
  293 9.825 65.8408 0.82301
  294 9.875 65.912 0.8239
  295 9.925 65.7854 0.822317
  296 9.975 65.6906 0.821133
  297 10.025 65.5516 0.819395
  298 10.075 65.6676 0.820845
  299 10.125 65.772 0.82215
  300 10.175 65.8094 0.822617
  301 10.225 65.8678 0.823348
  302 10.275 65.8712 0.82339
  303 10.325 65.8354 0.822942
  304 10.375 65.8346 0.822933
  305 10.425 65.9768 0.82471
  306 10.475 65.6946 0.821183
  307 10.525 65.828 0.82285
  308 10.575 65.811 0.822638
  309 10.625 65.8826 0.823533
  310 10.675 65.708 0.82135
  311 10.725 65.6966 0.821208
  312 10.775 65.7356 0.821695
  313 10.825 65.8182 0.822727
  314 10.875 65.8954 0.823692
  315 10.925 65.999 0.824987
  316 10.975 65.66 0.82075
  317 11.025 65.6822 0.821027
  318 11.075 65.9314 0.824142
  319 11.125 65.93 0.824125
  320 11.175 65.993 0.824913
  321 11.225 65.8034 0.822542
  322 11.275 65.8924 0.823655
  323 11.325 65.7972 0.822465
  324 11.375 65.8098 0.822623
  325 11.425 65.8964 0.823705
  326 11.475 65.991 0.824887
  327 11.525 65.9336 0.82417
  328 11.575 65.9864 0.82483
  329 11.625 65.7062 0.821327
  330 11.675 65.974 0.824675
  331 11.725 65.7472 0.82184
  332 11.775 65.7484 0.821855
  333 11.825 65.9194 0.823992
  334 11.875 65.8382 0.822977
  335 11.925 65.834 0.822925
  336 11.975 65.8158 0.822698
  337 12.025 65.9698 0.824623
  338 12.075 66.087 0.826087
  339 12.125 66.0288 0.82536
  340 12.175 65.7326 0.821658
  341 12.225 66.1304 0.82663
  342 12.275 65.7694 0.822117
  343 12.325 65.811 0.822638
  344 12.375 65.7218 0.821523
  345 12.425 65.879 0.823488
  346 12.475 65.5924 0.819905
  347 12.525 65.94 0.82425
  348 12.575 65.879 0.823488
  349 12.625 65.8318 0.822898
  350 12.675 65.8562 0.823202
  351 12.725 65.9282 0.824102
  352 12.775 66.0822 0.826027
  353 12.825 65.792 0.8224
  354 12.875 65.9162 0.823952
  355 12.925 66.0104 0.82513
  356 12.975 65.9086 0.823858
  357 13.025 65.8286 0.822858
  358 13.075 65.8188 0.822735
  359 13.125 65.7932 0.822415
  360 13.175 65.7446 0.821808
  361 13.225 65.6448 0.82056
  362 13.275 65.8414 0.823017
  363 13.325 65.91 0.823875
  364 13.375 65.8538 0.823173
  365 13.425 65.881 0.823512
  366 13.475 66.0048 0.82506
  367 13.525 65.4802 0.818502
  368 13.575 65.7702 0.822128
  369 13.625 65.8832 0.82354
  370 13.675 65.7938 0.822423
  371 13.725 65.8976 0.82372
  372 13.775 65.6752 0.82094
  373 13.825 65.8872 0.82359
  374 13.875 66.0932 0.826165
  375 13.925 65.9012 0.823765
  376 13.975 65.7698 0.822123
  377 14.025 65.9082 0.823852
  378 14.075 65.7432 0.82179
  379 14.125 65.876 0.82345
  380 14.175 65.7822 0.822277
  381 14.225 65.9234 0.824042
  382 14.275 65.7748 0.822185
  383 14.325 66.0438 0.825547
  384 14.375 66.0034 0.825042
  385 14.425 65.9778 0.824723
  386 14.475 65.7504 0.82188
  387 14.525 65.9006 0.823758
  388 14.575 65.8576 0.82322
  389 14.625 65.8752 0.82344
  390 14.675 65.9018 0.823773
  391 14.725 65.9918 0.824898
  392 14.775 65.9336 0.82417
  393 14.825 65.8924 0.823655
  394 14.875 65.8394 0.822992
  395 14.925 65.7504 0.82188
  396 14.975 65.8308 0.822885
  397 15.025 65.5128 0.81891
  398 15.075 65.6864 0.82108
  399 15.125 65.7236 0.821545
  400 15.175 65.69 0.821125
  401 15.225 65.888 0.8236
  402 15.275 65.9202 0.824002
  403 15.325 65.8674 0.823342
  404 15.375 65.8708 0.823385
  405 15.425 65.9054 0.823817
  406 15.475 66.0024 0.82503
  407 15.525 65.9944 0.82493
  408 15.575 65.7668 0.822085
  409 15.625 65.8168 0.82271
  410 15.675 65.862 0.823275
  411 15.725 65.7574 0.821967
  412 15.775 66.0744 0.82593
  413 15.825 65.7756 0.822195
  414 15.875 65.8368 0.82296
  415 15.925 65.7736 0.82217
  416 15.975 65.7324 0.821655
  417 16.025 65.9158 0.823948
  418 16.075 65.6072 0.82009
  419 16.125 65.864 0.8233
  420 16.175 65.8022 0.822527
  421 16.225 65.8466 0.823083
  422 16.275 66.0328 0.82541
  423 16.325 66.033 0.825412
  424 16.375 65.9462 0.824327
  425 16.425 65.9054 0.823817
  426 16.475 66.1026 0.826283
  427 16.525 65.7098 0.821373
  428 16.575 65.8952 0.82369
  429 16.625 65.504 0.8188
  430 16.675 65.6712 0.82089
  431 16.725 65.4086 0.817607
  432 16.775 65.7542 0.821927
  433 16.825 65.8342 0.822927
  434 16.875 66.0206 0.825258
  435 16.925 65.7198 0.821497
  436 16.975 65.4958 0.818698
  437 17.025 65.6398 0.820497
  438 17.075 65.8892 0.823615
  439 17.125 65.8042 0.822552
  440 17.175 65.8984 0.82373
  441 17.225 65.7484 0.821855
  442 17.275 65.7968 0.82246
  443 17.325 65.9488 0.82436
  444 17.375 65.742 0.821775
  445 17.425 65.9314 0.824142
  446 17.475 65.8818 0.823523
  447 17.525 65.7784 0.82223
  448 17.575 65.9492 0.824365
  449 17.625 65.823 0.822788
  450 17.675 65.579 0.819738
  451 17.725 65.7808 0.82226
  452 17.775 65.6154 0.820192
  453 17.825 65.5488 0.81936
  454 17.875 65.4618 0.818273
  455 17.925 65.6822 0.821027
  456 17.975 65.497 0.818712
  457 18.025 65.5754 0.819692
  458 18.075 65.588 0.81985
  459 18.125 65.8236 0.822795
  460 18.175 65.9468 0.824335
  461 18.225 65.646 0.820575
  462 18.275 65.6994 0.821242
  463 18.325 65.6098 0.820123
  464 18.375 65.79 0.822375
  465 18.425 65.43 0.817875
  466 18.475 65.488 0.8186
  467 18.525 65.3756 0.817195
  468 18.575 65.3654 0.817068
  469 18.625 65.1762 0.814702
  470 18.675 65.093 0.813662
  471 18.725 65.2412 0.815515
  472 18.775 65.2496 0.81562
  473 18.825 65.3496 0.81687
  474 18.875 64.9046 0.811307
  475 18.925 65.159 0.814488
  476 18.975 64.9238 0.811548
  477 19.025 65.0694 0.813368
  478 19.075 64.8566 0.810708
  479 19.125 64.7952 0.80994
  480 19.175 64.8048 0.81006
  481 19.225 64.561 0.807013
  482 19.275 64.6318 0.807898
  483 19.325 64.6102 0.807627
  484 19.375 64.528 0.8066
  485 19.425 64.4498 0.805623
  486 19.475 64.0712 0.80089
  487 19.525 64.014 0.800175
  488 19.575 63.7992 0.79749
  489 19.625 63.6726 0.795907
  490 19.675 63.4314 0.792893
  491 19.725 63.2534 0.790667
  492 19.775 63.2724 0.790905
  493 19.825 63.2266 0.790332
  494 19.875 63.1354 0.789192
  495 19.925 62.8828 0.786035
  496 19.975 62.5688 0.78211
  497 20.025 62.3524 0.779405
  498 20.075 62.3152 0.77894
  499 20.125 62.0604 0.775755
  500 20.175 61.8422 0.773027
  501 20.225 61.596 0.76995
  502 20.275 61.247 0.765587
  503 20.325 61.3306 0.766632
  504 20.375 60.901 0.761262
  505 20.425 60.5428 0.756785
  506 20.475 60.376 0.7547
  507 20.525 60.0224 0.75028
  508 20.575 59.7616 0.74702
  509 20.625 59.6512 0.74564
  510 20.675 59.2734 0.740918
  511 20.725 59.0348 0.737935
  512 20.775 58.6272 0.73284
  513 20.825 58.382 0.729775
  514 20.875 58.0248 0.72531
  515 20.925 57.8752 0.72344
  516 20.975 57.6668 0.720835
  517 21.025 57.191 0.714888
  518 21.075 56.9972 0.712465
  519 21.125 56.6244 0.707805
  520 21.175 56.3432 0.70429
  521 21.225 56.2688 0.70336
  522 21.275 56.063 0.700788
  523 21.325 55.4716 0.693395
  524 21.375 55.1548 0.689435
  525 21.425 54.9042 0.686302
  526 21.475 54.5376 0.68172
  527 21.525 54.2124 0.677655
  528 21.575 53.8264 0.67283
  529 21.625 53.6562 0.670702
  530 21.675 53.4488 0.66811
  531 21.725 53.0842 0.663552
  532 21.775 52.942 0.661775
  533 21.825 52.7422 0.659277
  534 21.875 52.4548 0.655685
  535 21.925 52.3484 0.654355
  536 21.975 51.81 0.647625
  537 22.025 51.5336 0.64417
  538 22.075 51.4668 0.643335
  539 22.125 51.075 0.638437
  540 22.175 50.751 0.634387
  541 22.225 50.8206 0.635258
  542 22.275 50.4276 0.630345
  543 22.325 49.9856 0.62482
  544 22.375 50.0392 0.62549
  545 22.425 49.7704 0.62213
  546 22.475 49.392 0.6174
  547 22.525 49.3244 0.616555
  548 22.575 49.0036 0.612545
  549 22.625 48.786 0.609825
  550 22.675 48.6722 0.608402
  551 22.725 48.3208 0.60401
  552 22.775 48.2332 0.602915
  553 22.825 47.9424 0.59928
  554 22.875 47.8068 0.597585
  555 22.925 47.5926 0.594908
  556 22.975 47.5042 0.593803
  557 23.025 47.2952 0.59119
  558 23.075 47.035 0.587938
  559 23.125 46.972 0.58715
  560 23.175 46.9738 0.587172
  561 23.225 46.4992 0.58124
  562 23.275 46.227 0.577838
  563 23.325 46.2534 0.578168
  564 23.375 46.1786 0.577233
  565 23.425 45.773 0.572163
  566 23.475 46.0406 0.575507
  567 23.525 45.8224 0.57278
  568 23.575 45.632 0.5704
  569 23.625 45.3532 0.566915
  570 23.675 45.3206 0.566507
  571 23.725 45.0874 0.563593
  572 23.775 45.0166 0.562708
  573 23.825 44.8816 0.56102
  574 23.875 44.5802 0.557252
  575 23.925 44.7706 0.559632
  576 23.975 44.5408 0.55676
  577 24.025 44.458 0.555725
  578 24.075 44.1996 0.552495
  579 24.125 43.9622 0.549527
  580 24.175 44.2284 0.552855
  581 24.225 43.7652 0.547065
  582 24.275 43.8178 0.547723
  583 24.325 43.6826 0.546033
  584 24.375 43.4556 0.543195
  585 24.425 43.4836 0.543545
  586 24.475 43.5422 0.544277
  587 24.525 43.3164 0.541455
  588 24.575 43.2888 0.54111
